024 -35
004 001
-04 -46
-35 007
006 -49
021 -50
-50 -31
-20 -03
-19 -08
-36 040
-18 -23
-14 -16
011 009
035 -36
039 -31
-18 -45
-11 -25
027 -35
-05 -45
040 -21
045 -09
-03 -09
-26 047
-12 -30
045 -11
-03 050
-13 -11
-49 009
042 -12
007 006
019 036
026 018
-01 -45
049 040
-50 005
-39 027
-27 -12
031 -19
036 -20
-02 012
034 001
033 018
-49 006
013 012
-06 028
-50 000
-39 017
003 009
-39 -04
006 -37
039 016
-50 -05
-14 -22
-23 038
001 034
033 -22
026 002
-18 045
-28 -14
-24 039
028 048
048 014
029 -03
036 -04
-39 -29
041 037
036 -37
009 022
-10 -02
-01 -19
015 000
010 -29
-17 040
029 -14
038 -26
-33 -09
-09 -25
-34 024
-22 -35
023 -38
-45 045
-30 -07
-09 020
-13 012
-29 -46
005 043
-13 -45
017 024
018 -11
-19 -43
000 034
017 -43
-22 -15
044 029
024 -10
042 020
-27 -03
020 -17
050 -32
002 010
002 042
029 025
037 -45
-16 -26
-44 -31
-42 002
-42 022
-39 -02
-42 007
037 -02
038 -45
-20 -34
047 -33
037 -47
-09 -12
050 008
-32 -23
033 011
-08 022
-32 042
-30 013
-40 009
-06 -20
-18 011
-20 -24
030 -14
-22 038
027 047
019 022
-40 -04
-31 -21
-12 021
028 -43
027 -29
-13 009
-23 001
038 029
-37 017
012 016
040 037
-33 047
032 -37
-32 030
-25 034
-28 037
-14 012
-48 040
-14 -31
-15 -30
-22 -33
035 004
039 -05
-46 025
036 043
046 -38
003 -10
-33 -18
-04 031
-15 -24
-18 005
-50 026
-02 -13
024 029
-26 -23
-07 -05
049 033
-45 -39
001 -17
033 -27
036 -01
-30 -33
-10 -28
-18 -03
014 -14
038 -22
007 -40
-35 -27
-02 -02
008 -44
-04 -45
007 -44
005 -31
-41 -19
-44 -12
-34 -45
005 -17
-18 -35
031 045
022 026
023 047
015 037
027 -34
034 050
026 038
-43 035
-42 -31
032 -32
049 047
033 -19
026 000
033 -20
-08 012
-39 -37
021 -38
-33 012
-26 048
007 -25
-21 -16
-29 029
022 015
-29 -34
-26 -07
-31 -05
048 -11
029 047
046 044
-45 036
-08 033
-02 -34
017 -03
-41 -01
014 -12
019 -20
-15 -37
-31 -04
001 002
001 -07
018 031
004 -30
007 -09
-13 -28
013 005
020 023
-11 -02
050 -27
-42 008
018 034
003 010
-12 041
040 -23
000 -48
002 035
-19 008
004 -38
007 -18
-43 043
032 -24
-06 009
-33 014
036 -40
-28 022
019 -33
008 029
-08 034
007 016
-01 030
026 041
038 -09
017 029
-44 044
047 040
038 049
-30 -14
-48 021
006 039
-34 026
-37 020
008 -01
017 030
-37 025
-35 045
-33 -04
040 -22
043 024
-07 030
-23 006
011 -01
023 -23
039 031
-49 016
-04 -44
-33 -46
-39 044
-46 -15
-38 -16
-23 -47
005 -04
030 -40
041 023
035 -09
004 037
012 -21
043 -18
045 -23
036 034
-40 008
027 -23
009 -05
018 -48
044 019
004 048
036 005
025 004
-42 005
-06 046
-27 005
017 -36
048 -39
-04 -27
044 009
039 -26
-31 -08
-04 016
042 -13
014 038
015 010
-49 -49
-05 -28
008 032
-41 026
-41 018
013 038
040 040
037 -29
001 043
-25 038
019 038
004 -41
-16 007
038 -23
023 -31
-37 -26
028 -46
-06 025
032 -43
-42 000
-05 -10
041 032
-28 -33
-28 -45
-32 021
-11 -19
001 000
-30 -46
-11 045
-20 -02
026 -47
-13 -25
019 -37
023 005
018 040
000 003
025 -48
028 -49
-43 023
-01 -32
036 033
015 -06
047 022
023 014
043 -17
038 -16
-27 -13
015 -03
018 049
-32 008
026 -09
-47 035
027 030
037 -33
019 -12
-43 -43
-24 042
048 -47
028 006
046 -30
-22 009
-21 043
-13 016
036 -47
-46 035
-39 -23
036 039
024 047
-10 -01
044 -11
048 026
027 -45
041 034
005 041
-11 -12
028 007
-25 -10
-39 -45
-15 011
008 -49
031 024
-18 037
035 -44
045 -50
-29 -21
009 -18
-45 -18
-31 003
-04 042
-41 -36
021 034
-24 -48
001 024
-22 -30
024 003
039 -35
-43 -23
-12 015
-03 -04
-07 003
-18 -31
-19 026
-15 016
-04 003
032 -33
047 004
-37 023
-34 014
-16 003
045 -17
031 -40
-34 -50
-20 028
035 007
-26 000
-11 006
013 -30
-39 000
027 -02
014 -50
-04 000
-03 013
002 -32
017 017
028 012
014 -11
011 028
041 -23
034 013
030 -45
021 049
035 037
-38 007
040 020
-37 035
-11 029
-11 -34
-13 029
-16 -16
035 008
029 034
-16 -11
032 032
-34 019
042 043
-47 002
026 -02
033 012
014 008
046 041
-35 002
-12 -35
-30 -10
-28 -17
045 -49
039 -28
008 008
-20 007
048 011
009 008
026 -33
026 031
004 040
027 006
-46 043
006 033
010 -30
-47 -45
-42 047
-14 017
034 -49
041 007
015 039
-03 036
-37 027
-34 003
-49 049
-37 040
016 000
042 -09
036 024
-47 019
-19 041
027 004
